1111000
1110100
1110010
1110001
1101100
1101010
1101001
1100110
1100101

1100011
1010101

1011100
1011001
0111100



1011010



1001110


0111010
0111001



0110101




0011110
1001101
0011101

1010011
0110011
1001011
0101011
0011011
1000111
0100111
0010111
0001111

7 c 4 = 31






11100
11010
11001
10110
10101
10011
01110
01101
01011
00111


11100
11010
11001
10110
10011

10101
01110
00111
01101
01011


abc de
bcd ea
cde ab
dea bc
eab cd

acdeb
debac
abdec


11100
11010
11001
10101
10011
01011
00111
01101
01110
10101

